WordCount: 216, Number of Words: 142
There: 1, 0.0046296297
was: 4, 0.018518519
once: 2, 0.009259259
a: 11, 0.050925925
poor: 1, 0.0046296297
shepherd: 1, 0.0046296297
boy: 3, 0.013888889
who: 1, 0.0046296297
used: 1, 0.0046296297
to: 7, 0.032407407
watch: 1, 0.0046296297
his: 4, 0.018518519
flocks: 1, 0.0046296297
in: 2, 0.009259259
the: 14, 0.06481481
fields: 1, 0.0046296297
next: 1, 0.0046296297
dark: 1, 0.0046296297
forest: 2, 0.009259259
near: 1, 0.0046296297
foot: 1, 0.0046296297
of: 6, 0.027777778
mountain.: 1, 0.0046296297
One: 1, 0.0046296297
hot: 1, 0.0046296297
afternoon,: 1, 0.0046296297
he: 5, 0.023148147
thought: 1, 0.0046296297
up: 1, 0.0046296297
good: 1, 0.0046296297
plan: 1, 0.0046296297
get: 1, 0.0046296297
some: 1, 0.0046296297
company: 1, 0.0046296297
for: 4, 0.018518519
himself: 1, 0.0046296297
and: 6, 0.027777778
also: 1, 0.0046296297
have: 1, 0.0046296297
little: 1, 0.0046296297
fun.: 1, 0.0046296297
Raising: 1, 0.0046296297
fist: 1, 0.0046296297
air,: 1, 0.0046296297
ran: 1, 0.0046296297
down: 2, 0.009259259
village: 1, 0.0046296297
shouting: 1, 0.0046296297
"Wolf,: 1, 0.0046296297
Wolf.": 1, 0.0046296297
As: 1, 0.0046296297
soon: 1, 0.0046296297
as: 2, 0.009259259
they: 2, 0.009259259
heard: 1, 0.0046296297
him,: 2, 0.009259259
villagers: 2, 0.009259259
all: 2, 0.009259259
rushed: 1, 0.0046296297
from: 4, 0.018518519
their: 1, 0.0046296297
homes,: 1, 0.0046296297
full: 1, 0.0046296297
concern: 1, 0.0046296297
safety,: 1, 0.0046296297
two: 1, 0.0046296297
cousins: 1, 0.0046296297
even: 2, 0.009259259
stayed: 1, 0.0046296297
with: 1, 0.0046296297
him: 1, 0.0046296297
short: 1, 0.0046296297
while.: 1, 0.0046296297
This: 1, 0.0046296297
gave: 1, 0.0046296297
so: 2, 0.009259259
much: 1, 0.0046296297
pleasure: 1, 0.0046296297
that: 3, 0.013888889
few: 1, 0.0046296297
days: 1, 0.0046296297
later: 1, 0.0046296297
tried: 1, 0.0046296297
exactly: 1, 0.0046296297
same: 1, 0.0046296297
trick: 1, 0.0046296297
again,: 1, 0.0046296297
more: 1, 0.0046296297
successful.: 1, 0.0046296297
However,: 1, 0.0046296297
not: 1, 0.0046296297
long: 1, 0.0046296297
after,: 1, 0.0046296297
wolf: 2, 0.009259259
had: 2, 0.009259259
just: 1, 0.0046296297
escaped: 1, 0.0046296297
zoo: 1, 0.0046296297
looking: 1, 0.0046296297
change: 1, 0.0046296297
its: 2, 0.009259259
usual: 1, 0.0046296297
diet: 1, 0.0046296297
chicken: 1, 0.0046296297
duck.: 1, 0.0046296297
So,: 1, 0.0046296297
overcoming: 1, 0.0046296297
fear: 1, 0.0046296297
being: 1, 0.0046296297
shot,: 1, 0.0046296297
it: 1, 0.0046296297
actually: 1, 0.0046296297
did: 1, 0.0046296297
come: 1, 0.0046296297
out: 2, 0.009259259
began: 1, 0.0046296297
threaten: 1, 0.0046296297
sheep.: 1, 0.0046296297
Racing: 1, 0.0046296297
village,: 1, 0.0046296297
course: 1, 0.0046296297
cried: 1, 0.0046296297
louder: 1, 0.0046296297
than: 1, 0.0046296297
before.: 1, 0.0046296297
Unfortunately,: 1, 0.0046296297
were: 1, 0.0046296297
convinced: 1, 0.0046296297
trying: 1, 0.0046296297
fool: 1, 0.0046296297
them: 1, 0.0046296297
third: 1, 0.0046296297
time,: 1, 0.0046296297
told: 1, 0.0046296297
"Go: 1, 0.0046296297
away: 1, 0.0046296297
don't: 1, 0.0046296297
bother: 1, 0.0046296297
us: 1, 0.0046296297
again.": 1, 0.0046296297
And: 1, 0.0046296297
feast.: 1, 0.0046296297
